1.0423
1.0444
1.0464
1.0483
1.0501
1.0519
1.0536
1.0552
1.0568
1.0584
1.0599
1.0614
1.0628
1.0642
1.0656
1.067
1.0683
1.0696
1.0709
1.0721
1.0733
1.0746
1.0757
1.0769
1.0781
1.0792
1.0803
1.0815
1.0825
1.0836
1.0847
1.0857
1.0868
1.0878
1.0888
1.0898
1.0908
1.0918
1.0928
1.0937
1.0947
1.0956
1.0966
1.0975
1.0984
1.0993
1.1002
1.1011
1.102
1.1029
1.1037
1.1046
1.1054
1.1063
1.1071
1.108
1.1088
1.1096
1.1104
1.1112
1.112
1.1128
1.1136
1.1144
1.1152
1.116
1.1167
1.1175
1.1183
1.119
1.1198
1.1205
1.1213
1.122
1.1227
1.1235
1.1242
1.1249
1.1256
1.1263
1.127
1.1277
1.1284
1.1291
1.1298
1.1305
1.1312
1.1319
1.1326
1.1332
1.1339
