0.47789
0.52568
0.57347
0.62126
0.66905
0.71684
0.76463
0.81242
0.86021
0.908
0.95579
1.0036
1.0514
1.0992
1.1469
1.1947
1.2425
1.2903
1.3381
1.3859
1.4337
1.4815
1.5293
1.5771
1.6248
1.6726
1.7204
1.7682
1.816
1.8638
1.9116
1.9594
2.0072
2.0549
2.1027
2.1505
2.1983
2.2461
2.2939
2.3417
2.3895
2.4373
2.485
2.5328
2.5806
2.6284
2.6762
2.724
2.7718
2.8196
2.8674
2.9152
2.9629
3.0107
3.0585
3.1063
3.1541
3.2019
3.2497
3.2975
3.3453
3.393
3.4408
3.4886
3.5364
3.5842
3.632
3.6798
3.7276
3.7754
3.8232
3.8709
3.9187
3.9665
4.0143
4.0621
4.1099
4.1577
4.2055
4.2533
4.301
4.3488
4.3966
4.4444
4.4922
4.54
4.5878
4.6356
4.6834
4.7312
4.7789
